t=0:1/1e3:1
